355 219
314 147
452 270
59 401
859 122
335 142
655 493
175 377
824 335
65 266
283 93
959 222
706 682
676 699
465 465
988 130
134 333
231 720
293 248
515 502
287 21
94 15
396 269
222 713
372 371
54 149
681 268
76 602
289 294
925 157
461 158
774 746
593 166
87 893
310 786
68 409
281 491
675 57
982 244
324 953
776 83
151 554
630 525
801 407
705 346
576 181
410 997
476 835
734 121
189 444
235 452
731 131
749 689
849 705
117 733
831 867
153 951
460 730
39 809
942 867
905 519
766 153
763 936
379 244
185 412
800 349
308 7
863 748
270 345
835 663
112 518
866 408
272 135
884 4
33 586
500 598
876 568
700 351
408 360
20 881
129 203
716 804
394 735
700 185
613 954
584 442
660 734
786 147
55 996
792 381
289 77
202 732
541 460
346 127
480 447
962 578
8 645
645 524
175 704
520 835