193 794
173 288
810 208
743 523
20 3
902 411
613 785
614 178
354 374
879 935
867 287
812 204
877 676
573 652
196 816
32 809
965 58
547 783
956 424
506 697
634 423
748 513
515 846
759 680
836 177
762 936
929 267
736 276
201 284
807 377
270 863
740 331
311 359
893 716
930 115
527 573
64 499
904 638
224 890
864 869
475 871
299 475
571 158
71 900
525 664
764 615
274 734
354 879
314 848
432 298
737 881
244 950
818 336
199 987
490 721
89 883
3 587
287 393
13 347
330 751
930 353
418 670
735 274
250 323
748 292
904 257
962 333
998 8
137 425
467 341
730 418
933 351
864 948
887 922
752 551
779 201
595 770
374 50
677 574
626 904
3 228
143 849
871 410
576 85
510 833
841 601
803 228
692 837
720 591
291 285
900 55
973 451
698 363
559 656
436 330
261 102
791 987
462 161
610 652
363 296
587 408
474 743
485 518
158 247
973 823
435 825
852 136
158 767
959 985
597 619
425 515
780 715
114 103
324 200
977 905
613 509
980 480
182 673
158 297
56 719
809 905
269 170
792 174
27 312
328 50
354 310
363 874
889 676
5 596
833 262
273 967
330 158
459 572
521 508
198 800
719 479
258 460
77 941
527 963
353 75
320 921
158 999
458 729
113 80
538 633
505 92
749 682
263 409
51 607
778 747
575 647
505 170
781 518
343 486
152 710
972 397
489 66
197 683
43 604
514 937
605 79
859 325
117 969
510 176
518 128
397 872
161 57
444 160
864 685
676 151
47 220
640 596
555 461
594 568
179 166
900 155
968 408
295 714
658 297
247 479
748 14
327 843
241 640
632 312
146 938
274 590
711 782
246 190
664 751
655 717
705 984
23 235
75 514
778 642
403 98
56 656
527 207
798 15
734 245
858 737
555 557
451 608
922 239
887 216
306 659
795 349
249 599
263 194
150 882
824 420
899 620
375 915
207 936
20 957
620 383
971 13
972 679
708 36
734 753
320 146
364 159
635 309
700 416
300 213
45 652
286 873
59 732
563 740
778 951
309 689
75 710
486 381
905 985
857 149
800 758
257 907
819 891
786 191
629 912
279 500
376 52
438 703
592 154
65 643
822 256
141 818
809 81
926 408
695 12
690 109
533 612
39 488
593 335
793 623
173 653
959 884
410 720
862 146
512 641
212 762
870 848
625 95
119 667
406 629
728 598
713 952
597 429
168 655
37 248
768 213
875 639
349 628
237 391
637 410
234 605
111 808
651 962
912 879
141 640
948 660
179 952
413 605
227 613
200 255
568 835
193 654
978 458
339 960
702 479
326 397
753 677
167 860
735 318
21 6
813 925
47 277
764 858
587 441
888 576
503 627
941 194
399 490
681 757
811 839
612 25
269 215
397 708
706 508
71 867
595 576
46 516
961 980
23 503
223 867
758 154
384 599
680 501
222 42
848 529
743 429
712 531
667 967
672 722
218 839
920 551
82 144
598 865
246 517
613 436
421 448
547 205
66 597
138 459
334 993
675 722
803 807
924 168
977 336
681 295
711 780
680 561
840 826
156 824
36 893
125 153
878 65
150 911
43 335
713 490
749 134
815 656
925 388
365 870
102 445
628 887
678 277
111 596
671 809
134 669
546 337
921 821
413 612
628 260
290 619
704 191
8 774
461 764
379 572
629 799
883 509
908 615
177 835
448 632
281 779
661 682
325 755
488 615
49 726
25 226
833 736
309 541
536 301
880 141
828 119
839 693
395 766
274 956
528 890
915 693
158 750
290 799
747 152
814 197
145 46
511 137
195 949
275 357
675 411
914 421
872 741
968 594
537 203
582 908
115 543
125 123
388 816
913 824
231 519
281 820
76 521
364 736
191 584
683 508
899 496
929 459
579 420
936 452
430 553
634 80
813 136
885 865
886 296
370 718
712 705
581 555
966 237
281 436
598 218
387 387
693 690
725 335
509 947
964 108
107 92
581 227
516 171
889 243
563 804
287 443
837 751
148 161
973 294
521 260
177 465
589 127
620 73
903 175
721 184
709 159
19 711
428 729
288 84
803 750
905 726
596 877
414 203
611 65
621 206
375 978
568 855
66 79
58 546
190 288
274 550
665 202
821 776
108 506
621 363
254 334
491 596
285 298
583 897
768 988
685 345
483 931
547 318
537 43
110 847
217 113
708 227
330 948
978 275
646 882
312 515
204 694
934 901
839 932
242 712
576 690
128 915
462 54
138 759
672 747
195 252
260 494
25 591
646 729
660 748
898 883
444 380
222 77
738 779
894 67
194 802
665 347
588 962
386 580
96 234
257 88
815 409
431 762
643 366
211 872
441 502
376 480
993 291
154 81
595 138
600 232
549 795
866 58
911 923
583 944
256 223
986 619
990 857
832 138
855 998
754 460
301 615
658 273
538 585
683 958
598 678
188 948
852 471
266 978
247 204
275 371
233 501
417 799
881 688
165 949
263 752
382 965
425 217
874 116
588 959
283 925
881 333
244 539
457 406
273 580
180 297
542 667
1 107
553 486
76 875
294 167
709 38
103 267
307 567
777 185
22 175
73 978
192 607
191 512
631 93
212 553
423 933
120 684
820 906
587 196
64 765
272 752
185 446
107 545
651 407
895 984
143 614
59 706
880 341
479 7
906 32
928 815
558 765
538 995
37 259
273 604
373 223
317 328
245 22
325 553
573 101
268 797
845 171
275 616
819 369
979 806
164 300
918 173
324 94
74 247
249 279
456 808
893 940
253 662
390 248
757 770
609 66
263 76
391 8
318 455
749 600
87 414
959 84
480 92
963 124
57 711
321 191
239 842
870 407
901 463
953 261
65 932
16 982
974 277
310 648
773 41
552 4
36 704
579 691
380 110
110 252
990 523
781 292
296 944
78 39
931 1
966 779
938 443
879 289
702 629
898 914
42 93
941 7
908 632
349 536
538 373
739 899
9 117
62 999
832 80
664 966
669 41
515 266
727 161
517 471
17 352
844 225
55 571
88 798
864 512
667 591
238 801
652 369
180 343
124 508
682 219
173 982
363 589
92 806
853 70
692 621
906 816
457 731
387 15
671 46
70 362
285 821
351 379
32 249
115 791
927 536
60 861
244 155
408 957
421 206
474 321
114 793
495 133
18 799
264 390
847 526
837 818
318 75
83 88
532 840
432 788
271 677
451 327
485 596
17 651
284 824
934 163
754 643
865 700
736 349
963 932
650 159
469 108
502 970
742 950
425 125
543 601
502 838
147 290
27 888
866 564
832 610
471 245
447 851
436 180
820 530
108 505
318 956
308 597
188 229
18 716
300 773
270 324
578 286
925 70
241 678
183 993
880 884
706 798
309 826
444 424
169 256
361 953
47 378
502 402
565 5
294 669
812 676
800 958
999 791
376 180
148 923
798 970
697 322
388 201
445 204
995 831
170 75
5 961
663 601
965 562
634 669
465 71
980 523
465 185
101 356
373 626
991 306
649 409
780 674
917 419
459 620
204 660
108 900
928 923
724 197
50 287
415 578
786 726
536 908
864 328
212 61
181 457
491 301
251 572
115 703
139 823
272 280
909 769
695 76
492 303
557 719
436 766
888 308
230 179
824 473
802 9
175 488
725 77
275 407
614 348
434 845
901 893
730 801
478 307
211 301
804 12
702 700
707 41
178 866
876 40
758 588
577 991
727 260
484 804
979 37
120 850
950 90
886 290
521 851
190 842
750 893
877 284
297 563
152 455
479 371
806 943
316 65
89 720
251 164
543 185
531 568
862 830
86 591
209 818
890 65
699 432
94 906
191 552
884 936
262 156
211 710
34 625
98 405
282 48
381 377
287 565
107 56
933 406
693 493
285 756
652 749
83 137
686 590
140 833
142 884
443 174
919 663
938 641
427 86
422 660
978 292
234 412
260 100
177 611
256 481
474 77
14 871
971 473
224 705
886 118
37 544
430 563
408 8
730 206
506 377
705 680
966 439
517 891
732 381
896 253
582 557
980 35
687 836
260 302
370 174
91 261
916 679
905 112
621 86
429 665
120 197
696 978
533 5
514 198
433 349
14 598
487 534
537 644
807 542
899 678
63 590
60 874
7 632
834 114
748 355
865 93
397 503
101 659
192 448
111 141
104 576
193 358
960 758
351 526
152 227
273 115
957 72
768 728
857 197
998 712
81 402
200 520
108 715
369 258
209 712
126 482
152 265
418 512
327 549
819 641
164 601
658 809
465 962
284 154
195 899
239 305
100 937
461 293
31 677
634 105
891 541
361 530
157 427
523 427
892 865
513 398
268 756
256 303
914 876
94 951
713 184
909 520
304 255
603 60
854 650
476 406
243 388
808 483
565 209
191 807
575 689
940 641
994 371
324 82
322 596
809 298
283 15
29 256
273 672
587 884
139 842
22 494
478 422
500 32
43 888
897 951
31 639
562 18
398 696
870 621
282 321
779 168
92 388
652 287
478 435
975 988
828 979
885 785
902 131
503 716
25 22
315 831
765 301
596 226
284 821
446 367
459 749
92 744
206 245
939 939
318 600